time,emissions
1750.0,9.766037501402005e-05
1750.5005005005005,9.874165655537743e-05
1751.001001001001,9.983490988950724e-05
1751.5015015015015,0.00010094026756636534
1752.002002002002,0.00010205786360348446
1752.5025025025025,0.00010318783350221713
1753.003003003003,0.00010433031426417024
1753.5035035035035,0.00010548544440780957
1754.004004004004,0.00010665336398526039
1754.5045045045044,0.00010783421459928177
1755.005005005005,0.00010902813942044115
1755.5055055055054,0.00011023528320446662
1756.006006006006,0.00011145579230980393
1756.5065065065064,0.00011268981471535595
1757.007007007007,0.00011393750003842656
1757.5075075075074,0.00011519899955286321
1758.0080080080081,0.00011647446620739308
1758.5085085085086,0.00011776405464416944
1759.009009009009,0.00011906792121752372
1759.5095095095096,0.00012038622401291638
1760.01001001001,0.00012171912286611076
1760.5105105105106,0.00012306677938254512
1761.011011011011,0.00012442935695693326
1761.5115115115116,0.00012580702079306895
1762.012012012012,0.00012719993792385852
1762.5125125125126,0.00012860827723157504
1763.013013013013,0.00013003220946832816
1763.5135135135135,0.0001314719072767738
1764.014014014014,0.00013292754521103867
1764.5145145145145,0.00013439929975789125
1765.015015015015,0.0001358873493581323
1765.5155155155155,0.00013739187442823696
1766.016016016016,0.0001389130573822217
1766.5165165165165,0.00014045108265376853
1767.017017017017,0.00014200613671857854
1767.5175175175175,0.00014357840811698864
1768.018018018018,0.00014516808747682325
1768.5185185185185,0.00014677536753651444
1769.019019019019,0.0001484004431684622
1769.5195195195195,0.0001500435114026697
1770.02002002002,0.00015170477145062466
1770.5205205205204,0.00015338442472945552
1771.021021021021,0.00015508267488635526
1771.5215215215214,0.0001567997278232648
1772.022022022022,0.00015853579172184586
1772.5225225225224,0.00016029107706871313
1773.023023023023,0.00016206579668096285
1773.5235235235236,0.00016386016573196826
1774.0240240240241,0.00016567440177747082
1774.5245245245246,0.0001675087247819612
1775.0250250250251,0.0001693633571453405
1775.5255255255256,0.0001712385237298939
1776.026026026026,0.00017313445188754586
1776.5265265265266,0.00017505137148742826
1777.027027027027,0.00017698951494375456
1777.5275275275276,0.00017894911724398977
1778.028028028028,0.000180930415977351
1778.5285285285286,0.00018293365136360387
1779.029029029029,0.00018495906628219756
1779.5295295295296,0.00018700690630170207
1780.03003003003,0.00018907741970959247
1780.5305305305305,0.00019117085754234142
1781.031031031031,0.00019328747361586646
1781.5315315315315,0.0001954275245562928
1782.032032032032,0.0001975912698310784
1782.5325325325325,0.00019977897178046194
1783.033033033033,0.00020199089564928074
1783.5335335335335,0.00020422730961911894
1784.034034034034,0.0002064884848408341
1784.5345345345345,0.00020877469546742248
1785.035035035035,0.0002110862186872625
1785.5355355355355,0.0002134233347577269
1786.036036036036,0.00021578632703915122
1786.5365365365365,0.00021817548202920177
1787.037037037037,0.00022059108939759942
1787.5375375375374,0.0002230334420212525
1788.038038038038,0.00022550283601975373
1788.5385385385384,0.00022799957079129546
1789.039039039039,0.00023052394904895702
1789.5395395395396,0.00023307627685742124
1790.0400400400401,0.00023565686367006339
1790.5405405405406,0.00023826602236649326
1791.0410410410411,0.0002409040692904699
1791.5415415415416,0.00024357132428827155
1792.042042042042,0.0002462681107474613
1792.5425425425426,0.00024899475563610923
1793.043043043043,0.0002517515895424217
1793.5435435435436,0.0002545389467148368
1794.044044044044,0.0002573571651025359
1794.5445445445446,0.0002602065863964318
1795.045045045045,0.0002630875560705824
1795.5455455455456,0.00026600042342409165
1796.046046046046,0.00026894554162344497
1796.5465465465466,0.0002719232677453438
1797.047047047047,0.00027493396281998313
1797.5475475475475,0.00027797799187483986
1798.048048048048,0.0002810557239789144
1798.5485485485485,0.0002841675322874933
1799.049049049049,0.0002873137940873786
1799.5495495495495,0.0002904948908426372
1800.05005005005,0.0002937112082408565
1800.5505505505505,0.0002969631362398933
1801.051051051051,0.00030025106911516907
1801.5515515515515,0.00030357540550745736
1802.052052052052,0.00030693654847123317
1802.5525525525525,0.00031033490552352324
1803.053053053053,0.00031377088869333274
1803.5535535535535,0.0003172449145715831
1804.054054054054,0.0003207574043616392
1804.5545545545547,0.0003243087839303614
1805.0550550550552,0.0003278994838597487
1805.5555555555557,0.0003315299394991386
1806.0560560560561,0.0003352005910180008
1806.5565565565566,0.00033891188345928767
1807.0570570570571,0.0003426642667934122
1807.5575575575576,0.00034645819597278467
1808.0580580580581,0.00035029413098699216
1808.5585585585586,0.00035417253691854953
1809.059059059059,0.00035809388399930787
1809.5595595595596,0.00036205864766744654
1810.06006006006,0.0003660673086251377
1810.5605605605606,0.00037012035289680736
1811.061061061061,0.00037421827188808404
1811.5615615615616,0.00037836156244535707
1812.062062062062,0.00038255072691603724
1812.5625625625626,0.000386786273209442
1813.063063063063,0.0003910687148583976
1813.5635635635635,0.0003953985710814824
1814.064064064064,0.0003997763668459873
1814.5645645645645,0.0004042026329315729
1815.065065065065,0.00040867790599460326
1815.5655655655655,0.0004132027286332347
1816.066066066066,0.0004177776494531795
1816.5665665665665,0.00042240322313424384
1817.067067067067,0.0004270800104975557
1817.5675675675675,0.0004318085785735846
1818.068068068068,0.00043658950067086607
1818.5685685685685,0.00044142335644553604
1819.069069069069,0.0004463107319715858
1819.5695695695695,0.0004512522198119443
1820.07007007007,0.0004562484190902975
1820.5705705705707,0.0004612999355637569
1821.0710710710712,0.00046640738169626483
1821.5715715715717,0.0004715713767328972
1822.0720720720722,0.00047679254677490354
1822.5725725725727,0.0004820715248556473
1823.0730730730731,0.00048740895101733063
1823.5735735735736,0.0004928054723886218
1824.0740740740741,0.0004982617432630883
1824.5745745745746,0.0005037784251785527
1825.0750750750751,0.0005093561869972725
1825.5755755755756,0.000514995704987063
1826.076076076076,0.0005206976629032613
1826.5765765765766,0.0005264627520716571
1827.077077077077,0.0005322916714722846
1827.5775775775776,0.0005381851278241805
1828.078078078078,0.0005441438356710809
1828.5785785785786,0.0005501685174680268
1829.079079079079,0.0005562599036689895
1829.5795795795796,0.0005624187328154003
1830.08008008008,0.0005686457516257264
1830.5805805805805,0.0005749417150859729
1831.081081081081,0.0005813073865412518
1831.5815815815815,0.0005877435377883003
1832.082082082082,0.0005942509491690881
1832.5825825825825,0.0006008304096653957
1833.083083083083,0.0006074827169945061
1833.5835835835835,0.0006142086777058891
1834.084084084084,0.0006210091072790234
1834.5845845845845,0.0006278848302222333
1835.0850850850852,0.000634836680172694
1835.5855855855857,0.0006418654999974512
1836.0860860860862,0.000648972141895675
1836.5865865865867,0.0006561574675019282
1837.0870870870872,0.0006634223479906754
1837.5875875875877,0.0006707676641818692
1838.0880880880882,0.0006781943066477804
1838.5885885885887,0.0006857031758209354
1839.0890890890892,0.0006932951821033253
1839.5895895895897,0.0007009712459767471
1840.0900900900901,0.0007087322981144432
1840.5905905905906,0.0007165792794939003
1841.0910910910911,0.0007245131415109746
1841.5915915915916,0.0007325348460952063
1842.0920920920921,0.0007406453658264613
1842.5925925925926,0.0007488456840528644
1843.093093093093,0.0007571367950099858
1843.5935935935936,0.0007655197039414264
1844.094094094094,0.0007739954272206531
1844.5945945945946,0.0007825649924742684
1845.095095095095,0.0007912294387065584
1845.5955955955956,0.0007999898164255074
1846.096096096096,0.0008088471877701184
1846.5965965965966,0.0008178026266392332
1847.097097097097,0.0008268572188216886
1847.5975975975975,0.0008360120621280035
1848.098098098098,0.0008452682665234331
1848.5985985985985,0.0008546269542625891
1849.099099099099,0.0008640892600254544
1849.5995995995995,0.0008736563310550014
1850.1001001001,0.0008833293272962356
1850.6006006006005,0.0008931094215368763
1851.101101101101,0.0009029977995495029
1851.6016016016017,0.0009129956602353425
1852.1021021021022,0.0009231042157696118
1852.6026026026027,0.000933324691748507
1853.1031031031032,0.0009436583273377484
1853.6036036036037,0.0009541063754228687
1854.1041041041042,0.0009646701027610588
1854.6046046046047,0.0009753507901348007
1855.1051051051052,0.0009861497325070942
1855.6056056056057,0.00099706823917851
1856.1061061061062,0.0010081076339458798
1856.6066066066066,0.001019269255262809
1857.1071071071071,0.0010305544564019702
1857.6076076076076,0.0010419646056191196
1858.1081081081081,0.001053501086319038
1858.6086086086086,0.0010651652972231904
1859.109109109109,0.0010769586525393611
1859.6096096096096,0.0010888825821330473
1860.11011011011,0.0011009385317008677
1860.6106106106106,0.001113127962945771
1861.111111111111,0.0011254523537543072
1861.6116116116116,0.001137913198375733
1862.112112112112,0.0011505120076032303
1862.6126126126126,0.0011632503089569976
1863.113113113113,0.0011761296468695015
1863.6136136136136,0.0011891515828726439
1864.114114114114,0.0012023176957871354
1864.6146146146145,0.0012156295819138378
1865.115115115115,0.0012290888552273084
1865.6156156156155,0.001242697147571486
1866.1161161161162,0.0012564561088574656
1866.6166166166167,0.0012703674072635388
1867.1171171171172,0.0012844327294374478
1867.6176176176177,0.0012986537807007888
1868.1181181181182,0.001313032285255812
1868.6186186186187,0.0013275699863943618
1869.1191191191192,0.0013422686467092803
1869.6196196196197,0.0013571300483079941
1870.1201201201202,0.001372155993028622
1870.6206206206207,0.0013873483026583236
1871.1211211211212,0.001402708819154163
1871.6216216216217,0.001418239404866417
1872.1221221221222,0.001433941942764249
1872.6226226226227,0.0014498183366640337
1873.1231231231232,0.0014658705114600427
1873.6236236236236,0.0014821004133578465
1874.1241241241241,0.001498510010110128
1874.6246246246246,0.0015151012912552762
1875.1251251251251,0.001531876268358443
1875.6256256256256,0.0015488369752554411
1876.126126126126,0.0015659854682991605
1876.6266266266266,0.0015833238266088874
1877.127127127127,0.0016008541523222003
1877.6276276276276,0.0016185785708498273
1878.128128128128,0.0016364992311331417
1878.6286286286286,0.0016546183059046838
1879.129129129129,0.0016729379919513884
1879.6296296296296,0.0016914605103808364
1880.13013013013,0.0017101881068904475
1880.6306306306305,0.0017291230520395278
1881.131131131131,0.0017482676415245012
1881.6316316316315,0.0017676241964569835
1882.132132132132,0.001787195063645129
1882.6326326326325,0.0018069826158778756
1883.1331331331332,0.0018269892522125354
1883.6336336336337,0.0018472173982653636
1884.1341341341342,0.001867669506505476
1884.6346346346347,0.0018883480565519317
1885.1351351351352,0.0019092555554741698
1885.6356356356357,0.0019303945380956132
1886.1361361361362,0.0019517675673008216
1886.6366366366367,0.0019733772343458102
1887.1371371371372,0.001995226159172012
1887.6376376376377,0.0020173169907234715
1888.1381381381382,0.00203965240726776
1888.6386386386387,0.0020622351167201972
1889.1391391391392,0.002085067856971869
1889.6396396396397,0.002108153396221025
1890.1401401401401,0.0021314945333083574
1890.6406406406406,0.0021550940980557248
1891.1411411411411,0.0021789549516088432
1891.6416416416416,0.002203079986783504
1892.1421421421421,0.0022274721284158304
1892.6426426426426,0.0022521343337161435
1893.143143143143,0.002277069592626954
1893.6436436436436,0.002302280928184649
1894.144144144144,0.0023277713968853013
1894.6446446446446,0.0023535440890544946
1895.145145145145,0.0023796021292210264
1895.6456456456456,0.0024059486764949614
1896.146146146146,0.002432586924949545
1896.6466466466468,0.002459520104007572
1897.1471471471473,0.002486751478831711
1897.6476476476478,0.0025142843507192755
1898.1481481481483,0.0025421220575012962
1898.6486486486488,0.0025702679739457884
1899.1491491491493,0.0025987255121655752
1899.6496496496497,0.002627498122030548
1900.1501501501502,0.0026565892915842338
1900.6506506506507,0.002686002547465163
1901.1511511511512,0.002715741455332515
1901.6516516516517,0.0027458096202966804
1902.1521521521522,0.002776210687354191
1902.6526526526527,0.0028069483418276513
1903.1531531531532,0.002838026309810128
1903.6536536536537,0.002869448358614646
1904.1541541541542,0.0029012182972282113
1904.6546546546547,0.0029333399767710482
1905.1551551551552,0.002965817290960445
1905.6556556556557,0.002998654176579911
1906.1561561561562,0.0030318546139530287
1906.6566566566567,0.0030654226274227096
1907.1571571571571,0.003099362285835233
1907.6576576576576,0.0031336777030297833
1908.1581581581581,0.0031683730383328737
1908.6586586586586,0.0032034524970582356
1909.1591591591591,0.0032389203310120044
1909.6596596596596,0.0032747808390030195
1910.16016016016,0.003311038367358844
1910.6606606606606,0.003347697310446842
1911.161161161161,0.00338476211120109
1911.6616616616616,0.003422237261654425
1912.162162162162,0.003460127303476413
1912.6626626626626,0.003498436828516526
1913.163163163163,0.0035371704793533292
1913.6636636636636,0.00357633294984894
1914.1641641641643,0.0036159289857096107
1914.6646646646648,0.0036559633850515145
1915.1651651651653,0.003696440998972965
1915.6656656656658,0.00373736673213177
1916.1661661661662,0.003778745543328959
1916.6666666666667,0.0038205824460979323
1917.1671671671672,0.0038628825092999163
1917.6676676676677,0.0039056508577249103
1918.1681681681682,0.003948892672699
1918.6686686686687,0.003992613192697189
1919.1691691691692,0.004036817713962655
1919.6696696696697,0.004081511591131539
1920.1701701701702,0.0041267002378641985
1920.6706706706707,0.004172389127482009
1921.1711711711712,0.004218583793610641
1921.6716716716717,0.0042652898308289285
1922.1721721721722,0.004312512895324025
1922.6726726726727,0.004360258705552595
1923.1731731731732,0.0044085330429076775
1923.6736736736736,0.004457341752391991
1924.1741741741741,0.004506690743296708
1924.6746746746746,0.004556585989886651
1925.1751751751751,0.004607033532090871
1925.6756756756756,0.004658039476199605
1926.176176176176,0.004709609995566504
1926.6766766766766,0.004761751331317141
1927.177177177177,0.004814469793062675
1927.6776776776778,0.004867771759619688
1928.1781781781783,0.004921663679734846
1928.6786786786788,0.004976152072815883
1929.1791791791793,0.005031243529667022
1929.6796796796798,0.0050869447132303475
1930.1801801801803,0.005143262359331673
1930.6806806806808,0.005200203277431931
1931.1811811811813,0.005257774351382784
1931.6816816816818,0.005315982540187453
1932.1821821821823,0.005374834878765414
1932.6826826826828,0.005434338478721918
1933.1831831831832,0.005494500529120955
1933.6836836836837,0.005555328297262609
1934.1841841841842,0.0056168291294633335
1934.6846846846847,0.005679010451840108
1935.1851851851852,0.005741879771096898
1935.6856856856857,0.005805444675314399
1936.1861861861862,0.005869712834741416
1936.6866866866867,0.005934692002588562
1937.1871871871872,0.00600039001582342
1937.6876876876877,0.006066814795966317
1938.1881881881882,0.006133974349887286
1938.6886886886887,0.00620187677060239
1939.1891891891892,0.006270530238070218
1939.6896896896897,0.0063399430199865825
1940.1901901901902,0.006410123472578182
1940.6906906906906,0.006481080041393128
1941.1911911911911,0.006552821262089041
1941.6916916916916,0.006625355761216471
1942.1921921921921,0.0066986922569982985
1942.6926926926926,0.00677283956010269
1943.193193193193,0.006847806574410192
1943.6936936936936,0.006923602297772376
1944.194194194194,0.007000235822762517
1944.6946946946946,0.00707771633741552
1945.1951951951953,0.007156053125957508
1945.6956956956958,0.00723525556952181
1946.1961961961963,0.007315333146852292
1946.6966966966968,0.0073962954349898625
1947.1971971971973,0.007478152109942904
1947.6976976976978,0.007560912947337962
1948.1981981981983,0.00764458782305051
1948.6986986986988,0.007729186713812155
1949.1991991991993,0.007814719697793841
1949.6996996996997,0.007901196955161111
1950.2002002002002,0.007988628768600719
1950.7007007007007,0.008077025523814362
1951.2012012012012,0.008166397709978153
1951.7017017017017,0.008256755920164413
1952.2022022022022,0.008348110851722063
1952.7027027027027,0.00844047330661377
1953.2032032032032,0.008533854191704549
1953.7037037037037,0.008628264518999925
1954.2042042042042,0.008723715405827776
1954.7047047047047,0.008820218074961557
1955.2052052052052,0.008917783854678429
1955.7057057057057,0.009016424178749422
1956.2062062062062,0.009116150586354585
1956.7067067067067,0.00921697472191967
1957.2072072072071,0.009318908334866491
1957.7077077077076,0.009421963279272909
1958.2082082082081,0.009526151513433776
1958.7087087087089,0.009631485099318063
1959.2092092092093,0.009737976201912206
1959.7097097097098,0.009845637088445002
1960.2102102102103,0.009954480127482084
1960.7107107107108,0.010064517787884366
1961.2112112112113,0.010175762637618284
1961.7117117117118,0.010288227342410179
1962.2122122122123,0.010401924664231758
1962.7127127127128,0.010516867459607669
1963.2132132132133,0.010633068677730735
1963.7137137137138,0.010750541358374405
1964.2142142142143,0.010869298629586417
1964.7147147147148,0.010989353705151602
1965.2152152152153,0.011110719881806147
1965.7157157157158,0.011233410536188867
1966.2162162162163,0.01135743912151144
1966.7167167167167,0.011482819163928414
1967.2172172172172,0.011609564258589422
1967.7177177177177,0.011737688065350442
1968.2182182182182,0.011867204304124685
1968.7187187187187,0.011998126749847156
1969.2192192192192,0.012130469227030797
1969.7197197197197,0.012264245603885268
1970.2202202202202,0.01239946978597323
1970.7207207207207,0.012536155709371832
1971.2212212212212,0.012674317333310911
1971.7217217217217,0.01281396863225186
1972.2222222222222,0.012955123587374825
1972.7227227227227,0.013097796177434083
1973.2232232232232,0.013242000368945002
1973.7237237237237,0.013387750105657893
1974.2242242242241,0.013535059297276705
1974.7247247247246,0.013683941807374823
1975.2252252252251,0.013834411440457184
1975.7257257257256,0.01398648192811869
1976.2262262262263,0.01414016691424027
1976.7267267267268,0.014295479939166309
1977.2272272272273,0.014452434422800156
1977.7277277277278,0.014611043646551058
1978.2282282282283,0.014771320734065414
1978.7287287287288,0.014933278630666028
1979.2292292292293,0.015096930081424279
1979.7297297297298,0.015262287607782463
1980.2302302302303,0.015429363482638788
1980.7307307307308,0.015598169703806722
1981.2312312312313,0.015768717965749236
1981.7317317317318,0.015941019629490388
1982.2322322322323,0.016115085690594028
1982.7327327327328,0.016290926745101197
1983.2332332332332,0.016468552953304478
1983.7337337337337,0.016647974001239022
1984.2342342342342,0.016829199059756158
1984.7347347347347,0.017012236741046554
1985.2352352352352,0.017197095052465534
1985.7357357357357,0.01738378134751395
1986.2362362362362,0.017572302273813116
1986.7367367367367,0.01776266371791276
1987.2372372372372,0.017954870746755662
1987.7377377377377,0.01814892754562293
1988.2382382382382,0.018344837352368186
1988.7387387387387,0.018542602387748193
1989.2392392392392,0.01874222378164512
1989.7397397397397,0.018943701494967675
1990.2402402402404,0.01914703423701498
1990.7407407407409,0.01935221937807214
1991.2412412412414,0.019559252857006056
1991.7417417417419,0.01976812908361803
1992.2422422422424,0.019978840835502488
1992.7427427427428,0.020191379149159562
1993.2432432432433,0.020405733205095332
1993.7437437437438,0.020621890206645874
1994.2442442442443,0.020839835252251842
1994.7447447447448,0.021059551200906433
1995.2452452452453,0.021281018530502408
1995.7457457457458,0.02150421518879439
1996.2462462462463,0.021729116436702584
1996.7467467467468,0.021955694683676703
1997.2472472472473,0.02218391931485314
1997.7477477477478,0.022413756509735455
1998.2482482482483,0.02264516905214776
1998.7487487487488,0.022878116131213478
1999.2492492492493,0.02311255313313821
1999.7497497497498,0.023348431423585787
2000.2502502502502,0.02358569812047139
2000.7507507507507,0.023824295857015163
2001.2512512512512,0.024064162534945456
2001.7517517517517,0.024305231067771597
2002.2522522522522,0.024547429114105027
2002.7527527527527,0.024790678801052624
2003.2532532532532,0.025034896437779258
2003.7537537537537,0.02527999221940351
2004.2542542542542,0.02552586992147252
2004.7547547547547,0.025772426585361323
2005.2552552552552,0.02601955219503607
2005.7557557557557,0.026267129345748253
2006.2562562562562,0.026515032905344998
2006.7567567567567,0.0267631296690352
2007.2572572572572,0.02701127800859769
2007.7577577577576,0.02725932751720253
2008.2582582582584,0.027507118651194342
2008.7587587587589,0.027754482370403476
2009.2592592592594,0.028001239778765577
2009.7597597597598,0.02824720176727702
2010.2602602602603,0.028492168661565804
2010.7607607607608,0.02873592987664196
2011.2612612612613,0.02897826358167323
2011.7617617617618,0.029218936377953007
2012.2622622622623,0.02945770299353938
2012.7627627627628,0.029694305998394392
2013.2632632632633,0.02992847554418858
2013.7637637637638,0.030159929133306965
2014.2642642642643,0.030388371421941597
2014.7647647647648,0.03061349406253319
2015.2652652652653,0.030834975591170592
2015.7657657657658,0.031052481365920207
2016.2662662662663,0.03126566356237754
2016.7667667667668,0.031474161233054014
2017.2672672672672,0.03167760043748111
2017.7677677677677,0.03187559445014666
2018.2682682682682,0.03206774405356651
2018.7687687687687,0.0322536379238966
2019.2692692692692,0.032432853116542495
2019.7697697697697,0.03260495565915508
2020.2702702702704,0.03276950125925752
2020.770770770771,0.03292603613345785
2021.2712712712714,0.033074097964802776
2021.771771771772,0.03321321699426588
2022.2722722722724,0.03334291725164405
2022.772772772773,0.033462717930254335
2023.2732732732734,0.03357213490874503
2023.7737737737739,0.03367068242207192
2024.2742742742744,0.033757874882240795
2024.7747747747749,0.03383322884774883
2025.2752752752754,0.03389626513882217
2025.7757757757759,0.033946511093495356
2026.2762762762763,0.03398350295738296
2026.7767767767768,0.034006788397614125
2027.2772772772773,0.0340159291289231
2027.7777777777778,0.03401050363728535
2028.2782782782783,0.03399010998386026
2028.7787787787788,0.03395436866933337
2029.2792792792793,0.03390292553615739
2029.7797797797798,0.0338354546836714
2030.2802802802803,0.03375166136875405
2030.7807807807808,0.033651284862548744
2031.2812812812813,0.03353410123201238
2031.7817817817818,0.03339992601360541
2032.2822822822823,0.03324861674545585
2032.7827827827828,0.033080075323856234
2033.2832832832833,0.0328942501500169
2033.7837837837837,0.03269113803369558
2034.2842842842842,0.032470785821628635
2034.7847847847847,0.03223329172068293
2035.2852852852852,0.03197880628827084
2035.7857857857857,0.03170753306587083
2036.2862862862862,0.0314197288353772
2036.7867867867867,0.031115703482472938
2037.2872872872872,0.030795819456147348
2037.7877877877877,0.030460490818834673
2038.2882882882882,0.030110181887269986
2038.7887887887887,0.029745405469981803
2039.2892892892894,0.02936672071318567
2039.78978978979,0.0289747305726327
2040.2902902902904,0.028570078934508678
2040.7907907907909,0.028153447413706584
2041.2912912912914,0.02772555186251736
2041.7917917917919,0.027287138626955434
2042.2922922922924,0.02683898059140073
2042.7927927927929,0.026381873054975424
2043.2932932932933,0.025916629484974904
2043.7937937937938,0.025444077193754935
2044.2942942942943,0.024965052985683793
2044.7947947947948,0.024480398820161144
2045.2952952952953,0.023990957535274297
2045.7957957957958,0.023497568674509847
2046.2962962962963,0.023001064456101172
2046.7967967967968,0.022502265921182048
2047.2972972972973,0.022001979293034775
2047.7977977977978,0.02150099257545252
2048.2982982982985,0.021000072413728844
2048.798798798799,0.020499961237113215
2049.2992992992995,0.020001374696867417
2049.7997997998,0.019504999409417544
2050.3003003003005,0.019011491009590493
2050.800800800801,0.0185214725146723
2051.3013013013015,0.018035532996056806
2051.801801801802,0.017554226551645485
2052.3023023023025,0.017078071568951064
2052.802802802803,0.016607550266060773
2053.3033033033034,0.016143108495270432
2053.803803803804,0.015685155792281694
2054.3043043043044,0.015234065652383796
2054.804804804805,0.014790176013971838
2055.3053053053054,0.014353789929091892
2055.805805805806,0.0139251764003885
2056.3063063063064,0.013504571363858707
2056.806806806807,0.013092178797121037
2057.3073073073074,0.01268817193347782
2057.807807807808,0.012292694562818347
2058.3083083083084,0.011905862401365933
2058.808808808809,0.011527764513351559
2059.3093093093094,0.011158464768890392
2059.80980980981,0.01079800332358897
2060.3103103103103,0.010446398106713101
2060.810810810811,0.010103646306055638
2061.3113113113113,0.009769725838947833
2061.811811811812,0.009444596800137576
2062.3123123123123,0.009128202878489129
2062.812812812813,0.008820472735641592
2063.3133133133133,0.008521321340873994
2063.813813813814,0.008230651257470125
2064.3143143143143,0.007948353876836385
2064.814814814815,0.0076743105975144305
2065.3153153153153,0.007408393947029026
2065.8158158158158,0.007150468645238193
2066.3163163163163,0.006900392608492375
2066.8168168168168,0.0066580178944804155
2067.3173173173172,0.006423191588131424
2067.8178178178177,0.006195756629371511
2068.3183183183182,0.0059755525838933905
2068.8188188188187,0.005762416358402713
2069.319319319319,0.005556182862052725
2069.8198198198197,0.00535668561597728
2070.32032032032,0.005163757312990372
2070.8208208208207,0.004977230329631581
2071.321321321321,0.004796937192820296
2071.8218218218217,0.00462271100342769
2072.322322322322,0.004454385819099351
2072.8228228228227,0.004291796998658456
2073.323323323323,0.004134781510399583
2073.8238238238237,0.003983178206543746
2074.324324324324,0.0038368280660751007
2074.8248248248246,0.0036955744081152665
2075.325325325325,0.003559263077920119
2075.8258258258256,0.0034277426075043052
2076.326326326326,0.0033008643528150763
2076.8268268268266,0.0031784826092885682
2077.327327327327,0.0030604547075325133
2077.8278278278276,0.0029466410907876064
2078.3283283283286,0.0028369053757285375
2078.828828828829,0.002731114398076693
2079.3293293293295,0.0026291382444043874
2079.82982982983,0.0025308502714277334
2080.3303303303305,0.0024361271139975867
2080.830830830831,0.002344848682917301
2081.3313313313315,0.0022568981536379234
2081.831831831832,0.0021721619468058613
2082.3323323323325,0.002090529701566266
2082.832832832833,0.0020118942424569926
2083.3333333333335,0.0019361515406636494
2083.833833833834,0.001863200670344646
2084.3343343343345,0.0017929437606779238
2084.834834834835,0.0017252859442263837
2085.3353353353355,0.0016601353021686316
2085.835835835836,0.001597402806893934
2086.3363363363364,0.001537002262415457
2086.836836836837,0.0014788502430153657
2087.3373373373374,0.0014228660304959238
2087.837837837838,0.0013689715503753953
2088.3383383383384,0.0013170913073345825
2088.838838838839,0.0012671523201889666
2089.3393393393394,0.0012190840566327938
2089.83983983984,0.0011728183679762738
2090.3403403403404,0.0011282894240716883
2090.840840840841,0.001085433648603823
2091.3413413413414,0.0010441896548979192
2091.841841841842,0.0010044981823814038
2092.3423423423424,0.0009663020338178994
2092.842842842843,0.0009295460134164855
2093.3433433433433,0.0008941768659054126
2093.843843843844,0.0008601432166460367
2094.3443443443443,0.0008273955128520417
2094.844844844845,0.0007958859659667458
2095.3453453453453,0.0007655684952438435
2095.845845845846,0.0007363986725662754
2096.3463463463463,0.0007083336685312924
2096.846846846847,0.000681332199822433
2097.3473473473473,0.0006553544778825298
2097.847847847848,0.0006303621588970548
2098.3483483483483,0.000606318295090741
2098.848848848849,0.0005831872873374176
2099.3493493493493,0.0005609348390776582
2099.8498498498498,0.0005395279115367795
2100.3503503503503,0.0005189346802312609
2100.8508508508507,0.0004991244927492718
2101.3513513513512,0.0004800678277901062
2101.8518518518517,0.00046173625544293094
2102.352352352352,0.00044410239868537024
2102.8528528528527,0.000427139896080055
2103.353353353353,0.00041082336564647197
2103.8538538538537,0.00039512836988396803
2104.354354354354,0.0003800313819216445
2104.8548548548547,0.0003655097527694153
2105.3553553553556,0.0003515416796445753
2105.855855855856,0.0003381061753472795
2106.3563563563566,0.0003251830386591743
2106.856856856857,0.0003127528257380825
2107.3573573573576,0.00030079682248206296
2107.857857857858,0.0002892970178367213
2108.3583583583586,0.0002782360780188157
2108.858858858859,0.00026759732163050566
2109.3593593593596,0.0002573646956379438
2109.85985985986,0.0002475227521882253
2110.3603603603606,0.00023805662624063053
2110.860860860861,0.00022895201398565003
2111.3613613613616,0.00022019515202828806
2111.861861861862,0.00021177279731216116
2112.3623623623625,0.00020367220775914296
2112.862862862863,0.00019588112360311357
2113.3633633633635,0.0001883877493949802
2113.863863863864,0.0001811807366561877
2114.3643643643645,0.0001742491671600953
2114.864864864865,0.00016758253681978632
2115.3653653653655,0.0001611707401625272
2115.865865865866,0.0001550040553699547
2116.3663663663665,0.00014907312986613648
2116.866866866867,0.000143368966433229
2117.3673673673675,0.0001378829098374945
2117.867867867868,0.00013260663394799087
2118.3683683683685,0.000127532129329832
2118.868868868869,0.00012265169129659962
2119.3693693693695,0.00011795790840453113
2119.86986986987,0.00011344365137386306
2120.3703703703704,0.00010910206242165704
2120.870870870871,0.0001049265449911305
2121.3713713713714,0.00010091075386396693
2121.871871871872,9.704858564191216e-05
2122.3723723723724,9.33341695825911e-05
2122.872872872873,8.976185877981772e-05
2123.3733733733734,8.632622167288288e-05
2123.873873873874,8.302203387460143e-05
2124.3743743743744,7.984427030639557e-05
2124.874874874875,7.678809762785102e-05
2125.3753753753754,7.384886695209655e-05
2125.875875875876,7.102210683447327e-05
2126.3763763763764,6.830351652541998e-05
2126.876876876877,6.56889594782887e-05
2127.3773773773773,6.317445710144994e-05
2127.877877877878,6.075618274627053e-05
2128.3783783783783,5.843045592273227e-05
2128.878878878879,5.619373673364205e-05
2129.3793793793793,5.404262051858547e-05
2129.87987987988,5.197383270165301e-05
2130.3803803803803,4.9984223833634375e-05
2130.880880880881,4.807076482271011e-05
2131.3813813813813,4.623054234487657e-05
2131.881881881882,4.446075442990897e-05
2132.3823823823823,4.275870621312028e-05
2132.8828828828828,4.1121805850308624e-05
2133.3833833833833,3.954756058607818e-05
2133.8838838838838,3.803357297293008e-05
2134.3843843843842,3.6577537232992995e-05
2134.8848848848847,3.51772357589147e-05
2135.3853853853852,3.3830535747409916e-05
2135.8858858858857,3.25353859610245e-05
2136.386386386386,3.128981361302709e-05
2136.8868868868867,3.0091921370969534e-05
2137.387387387387,2.89398844744664e-05
2137.8878878878877,2.7831947962934206e-05
2138.388388388388,2.6766424008026058e-05
2138.8888888888887,2.5741689349080202e-05
2139.389389389389,2.475618282508436e-05
2139.8898898898897,2.3808403002011024e-05
2140.3903903903906,2.2896905889049432e-05
2140.890890890891,2.202030274357181e-05
2141.3913913913916,2.1177257958549636e-05
2141.891891891892,2.0366487031575765e-05
2142.3923923923926,1.9586754610772823e-05
2142.892892892893,1.883687261499916e-05
2143.3933933933936,1.8115698427046763e-05
2143.893893893894,1.7422133154595338e-05
2144.3943943943946,1.6755119957732845e-05
2144.894894894895,1.6113642441627196e-05
2145.3953953953956,1.5496723108494732e-05
2145.895895895896,1.4903421870293783e-05
2146.3963963963965,1.4332834618000818e-05
2146.896896896897,1.3784091844599252e-05
2147.3973973973975,1.3256357322434889e-05
2147.897897897898,1.274882682885786e-05
2148.3983983983985,1.2260726922630421e-05
2148.898898898899,1.1791313766121508e-05
2149.3993993993995,1.13398719924444e-05
2149.8998998999,1.09057136159734e-05
2150.4004004004005,1.0488176985262207e-05
2150.900900900901,1.0086625774830084e-05
2151.4014014014015,9.70044801629659e-06
2151.901901901902,9.329055166218705e-06
2152.4024024024025,8.971881209697254e-06
2152.902902902903,8.628381798278222e-06
2153.4034034034034,8.298033420933468e-06
2153.903903903904,7.98033260634989e-06
2154.4044044044044,7.67479515620864e-06
2154.904904904905,7.380955407229423e-06
2155.4054054054054,7.098365522358284e-06
2155.905905905906,6.8265948079688264e-06
2156.4064064064064,6.5652290579619475e-06
2156.906906906907,6.313869922709462e-06
2157.4074074074074,6.072134302472438e-06
2157.907907907908,5.839653762505329e-06
2158.4084084084084,5.616073973496593e-06
2158.908908908909,5.401054170061735e-06
2159.4094094094094,5.1942666328359e-06
2159.90990990991,4.995396187911778e-06
2160.4104104104103,4.8041397277106514e-06
2160.910910910911,4.620205748106467e-06
2161.4114114114113,4.4433139052833675e-06
2161.911911911912,4.273194587684116e-06
2162.4124124124123,4.109588505723914e-06
2162.912912912913,3.952246296248413e-06
2163.4134134134133,3.8009281426886726e-06
2163.913913913914,3.655403409703632e-06
2164.4144144144143,3.5154502920812484e-06
2164.914914914915,3.380855475660828e-06
2165.4154154154153,3.2514138133033987e-06
2165.915915915916,3.1269280116739555e-06
2166.4164164164163,3.0072083310491555e-06
2166.9169169169168,2.8920722956878994e-06
2167.4174174174177,2.7813444160129513e-06
2167.917917917918,2.6748559206932954e-06
2168.4184184184187,2.5724445005737363e-06
2168.918918918919,2.4739540597432518e-06
2169.4194194194197,2.3792344790234123e-06
2169.91991991992,2.288141386422267e-06
2170.4204204204207,2.200535937227096e-06
2170.920920920921,2.1162846028337e-06
2171.4214214214217,2.035258966350699e-06
2171.921921921922,1.957335527332111e-06
2172.4224224224226,1.8823955146202145e-06
2172.922922922923,1.8103247030387937e-06
2173.4234234234236,1.7410132415344223e-06
2173.923923923924,1.6743554845640321e-06
2174.4244244244246,1.6102498307911573e-06
2174.924924924925,1.5485985694992508e-06
2175.4254254254256,1.4893077304665792e-06
2175.925925925926,1.4322869415332125e-06
2176.4264264264266,1.377449290588088e-06
2176.926926926927,1.3247111924043265e-06
2177.4274274274276,1.2739922627299456e-06
2177.927927927928,1.2252151942448222e-06
2178.4284284284286,1.1783056399047822e-06
2178.928928928929,1.13319209892433e-06
2179.4294294294295,1.089805808298032e-06
2179.92992992993,1.0480806370207916e-06
2180.4304304304305,1.0079529867678778e-06
2180.930930930931,9.69361693874514e-07
2181.4314314314315,9.322479362990335e-07
2181.931931931932,8.965551440467091e-07
2182.4324324324325,8.62228912983116e-07
2182.932932932933,8.29216922531611e-07
2183.4334334334335,7.974688546195366e-07
2183.933933933934,7.669363173551566e-07
2184.4344344344345,7.375727726094845e-07
2184.934934934935,7.09333463320707e-07
2185.4354354354355,6.821753461422644e-07
2185.935935935936,6.560570260307964e-07
2186.4364364364365,6.309386925702358e-07
2186.936936936937,6.067820592548738e-07
2187.4374374374374,5.835503059022347e-07
2187.937937937938,5.612080218783066e-07
2188.4384384384384,5.397211522870031e-07
2188.938938938939,5.190569462378981e-07
2189.4394394394394,4.991839063829266e-07
2189.93993993994,4.800717417719373e-07
2190.4404404404404,4.6169132047013227e-07
2190.940940940941,4.4401462707756886e-07
2191.4414414414414,4.270147176744404e-07
2191.941941941942,4.1066568050142186e-07
2192.4424424424424,3.9494259587018263e-07
2192.942942942943,3.7982149781928494e-07
2193.4434434434434,3.6527933875516686e-07
2193.943943943944,3.5129395236494256e-07
2194.4444444444443,3.37844021703333e-07
2194.944944944945,3.249090460483131e-07
2195.4454454454453,3.1246930969628e-07
2195.945945945946,3.005058512077972e-07
2196.4464464464463,2.890004352696544e-07
2196.946946946947,2.7793552508071454e-07
2197.4474474474473,2.672942552183892e-07
2197.947947947948,2.570604059667459e-07
2198.4484484484483,2.4721837787201423e-07
2198.948948948949,2.377531700306277e-07
2199.4494494494493,2.2865035503350382e-07
2199.9499499499498,2.1989605752626368e-07
2200.4504504504503,2.1147693436757334e-07
2200.9509509509508,2.0338015285006745e-07
2201.4514514514512,1.955933713821481e-07
2201.9519519519517,1.881047208812203e-07
2202.4524524524527,1.8090278678780439e-07
2202.952952952953,1.7397659251965704e-07
2203.4534534534537,1.673155796578406e-07
2203.953953953954,1.6090959599825775e-07
2204.4544544544547,1.547488776182466e-07
2204.954954954955,1.488240334682679e-07
2205.4554554554556,1.4312603226912536e-07
2205.955955955956,1.3764618949442683e-07
2206.4564564564566,1.3237615325703463e-07
2206.956956956957,1.2730788957474818e-07
2207.4574574574576,1.2243367339108742e-07
2207.957957957958,1.1774607607365243e-07
2208.4584584584586,1.1323795124281031e-07
2208.958958958959,1.089024285906457e-07
2209.4594594594596,1.0473289986740132e-07
2209.95995995996,1.0072300856887119e-07
2210.4604604604606,9.68666436652195e-08
2210.960960960961,9.315792645179897e-08
2211.4614614614616,8.959120420263006e-08
2211.961961961962,8.61610405196724e-08
2212.4624624624626,8.286220726968315e-08
2212.962962962963,7.968967539688365e-08
2213.4634634634635,7.663861008010202e-08
2213.963963963964,7.370436003097444e-08
2214.4644644644645,7.088245357498391e-08
2214.964964964965,6.816858856522286e-08
2215.4654654654655,6.555862964178142e-08
2215.965965965966,6.30485971705112e-08
2216.4664664664665,6.063466586039487e-08
2216.966966966967,5.831315595793545e-08
2217.4674674674675,5.608053042016139e-08
2217.967967967968,5.393338444414944e-08
2218.4684684684685,5.186844526891411e-08
2218.968968968969,4.988256668149704e-08
2219.4694694694695,4.7972721473857345e-08
2219.96996996997,4.613599774986166e-08
2220.4704704704704,4.436959601803131e-08
2220.970970970971,4.267082509141486e-08
2221.4714714714714,4.103709359784711e-08
2221.971971971972,3.946591394813327e-08
2222.4724724724724,3.795488893335086e-08
2222.972972972973,3.650171578049447e-08
2223.4734734734734,3.510418081078239e-08
2223.973973973974,3.376015312239654e-08
2224.4744744744744,3.246758316563637e-08
2224.974974974975,3.1224502493863556e-08
2225.4754754754754,3.002901494972876e-08
2225.975975975976,2.887929929322593e-08
2226.4764764764764,2.7773601745235045e-08
2226.976976976977,2.6710238787492297e-08
2227.4774774774774,2.5687588492744654e-08
2227.977977977978,2.4704091888078466e-08
2228.4784784784783,2.3758250195388253e-08
2228.978978978979,2.2848622535665754e-08
2229.4794794794793,2.1973820424121746e-08
2229.9799799799803,2.1132513026251852e-08
2230.4804804804808,2.0323415716447254e-08
2230.9809809809813,1.954529652135084e-08
2231.4814814814818,1.879696903896792e-08
2231.9819819819822,1.807729260841142e-08
2232.4824824824827,1.7385169716137565e-08
2232.9829829829832,1.671954667738657e-08
2233.4834834834837,1.6079407925463237e-08
2233.983983983984,1.5463778931974325e-08
2234.4844844844847,1.4871719063487064e-08
2234.984984984985,1.4302328783835592e-08
2235.4854854854857,1.375473742719412e-08
2235.985985985986,1.322811199122848e-08
2236.4864864864867,1.2721650035136922e-08
2236.986986986987,1.2234577858100631e-08
2237.4874874874877,1.1766154388005127e-08
2237.987987987988,1.1315665280076739e-08
2238.4884884884887,1.0882424600475964e-08
2238.988988988989,1.0465771452346238e-08
2239.4894894894896,1.0065069392363831e-08
2239.98998998999,9.67970990628134e-09
2240.4904904904906,9.309104462126546e-09
2240.990990990991,8.952688741834991e-09
2241.4914914914916,8.6099184829276e-09
2241.991991991992,8.280271511426771e-09
2242.4924924924926,7.963246551807449e-09
2242.992992992993,7.658358560264606e-09
2243.4934934934936,7.365144943963866e-09
2243.993993993994,7.083156219389476e-09
2244.4944944944946,6.811964396623077e-09
2244.994994994995,6.551156761938964e-09
2245.4954954954956,6.3003327203102176e-09
2245.995995995996,6.059113463405712e-09
2246.4964964964965,5.82712940461339e-09
2246.996996996997,5.604027386957681e-09
2247.4974974974975,5.389466051897967e-09
2247.997997997998,5.183120797191745e-09
2248.4984984984985,4.9846752125202714e-09
2248.998998998999,4.7938284149963756e-09
2249.4994994994995,4.610287436140735e-09
2250.0,4.433774644319149e-09
